x=4.974997407728431e+01
y=6.995575423860379e+01
